1 7.629378318786621
2 5.667186260223389
3 4.208620071411133
4 2.9661173820495605
5 2.047415256500244
6 1.9564656019210815
7 2.5164549350738525
8 2.753021717071533
9 3.068284034729004
10 3.763315200805664
11 4.188620090484619
12 4.442806720733643
13 4.54496955871582
14 4.267759799957275
15 4.166874408721924
16 4.5485382080078125
17 5.041023254394531
18 3.964691638946533
19 3.1020779609680176
20 3.662651777267456
21 2.7227299213409424
22 1.8547635078430176
23 2.7700023651123047
24 2.7371678352355957
25 1.8771382570266724
26 2.156592845916748
27 2.7243354320526123
28 3.370403528213501
29 3.7607662677764893
30 4.412754058837891
31 5.403732776641846
32 5.654652118682861
33 4.555665493011475
34 4.3658552169799805
35 3.742687940597534
36 2.606138229370117
37 2.237730026245117
38 1.8698976039886475
39 2.074892997741699
40 2.305647850036621
41 2.1460962295532227
42 2.0521562099456787
43 1.9596366882324219
44 1.8092055320739746
45 1.5941905975341797
46 1.6138312816619873
47 1.7615071535110474
48 1.6397123336791992
49 1.3615429401397705
50 1.3365167379379272
51 1.418295979499817
52 1.2862123250961304
53 1.0616871118545532
54 1.1089774370193481
55 1.1857815980911255
56 1.0811938047409058
57 0.9941579699516296
58 1.1696668863296509
59 1.210720181465149
60 1.1454905271530151
61 1.3950246572494507
62 1.626103162765503
63 1.670911192893982
64 2.030953884124756
65 2.2603964805603027
66 1.717450499534607
67 1.9371488094329834
68 2.4212028980255127
69 2.154548168182373
70 1.654779076576233
71 1.8726484775543213
72 1.4023637771606445
73 1.122652530670166
74 1.5330556631088257
75 1.366175651550293
76 1.0275148153305054
77 1.3589879274368286
78 1.5957918167114258
79 1.4224895238876343
80 1.3359142541885376
81 1.789336919784546
82 2.117659330368042
83 1.5343693494796753
84 1.6086903810501099
85 1.3923556804656982
86 1.2225000858306885
87 1.5114845037460327
88 2.246452808380127
89 3.367433786392212
90 4.65705680847168
91 3.921827793121338
92 3.2502729892730713
93 2.635871648788452
94 1.9063634872436523
95 1.6134085655212402
96 1.363968849182129
97 1.4342905282974243
98 1.8100943565368652
99 2.13097882270813
100 1.9591748714447021
101 2.2522127628326416
102 2.2631125450134277
103 2.5603346824645996
104 3.213956356048584
